Positions of all gears: 
[]
[35 47 64 71 86 136]
[29 58 84]
[17 119]
[39 110]
[]
[24 26 53 133]
[8 14 59 103 119]
[33]
[82 128]
[97]
[23 107 131]
[17 33]
[78 82 110 124]
[16 75 92 98 118]
[48 116]
[20 28 68]
[]
[42 54 123]
[21 57]
[15 76 83 130 136]
[28 50 65 117]
[72 100]
[18]
[42 55 64 123]
[89 97 116 127]
[6 18 136]
[16 113]
[30]
[52 90]
[33 58 71 77 103 122]
[19 134]
[52 93 117]
[15 86 100]
[11 49 57 129]
[75 119]
[23 40 102]
[18 50]
[121]
[55 103 131]
[18 25 95 134]
[6]
[40]
[3 47 88 122]
[55 72 78]
[14 16 26 39 132]
[]
[3 63 88]
[9 117 124]
[114]
[36 62 72 85 101 125]
[4 11 55]
[40 105 135]
[16 111 124]
[5 34 48 62 79 104]
[83]
[]
[56 97 118]
[44 75 87]
[60]
[28 129]
[4 62]
[21 29 84 113]
[33 45]
[12 71 111]
[]
[46 100]
[23 65 75 113 135]
[6 81]
[29 52 83 107 130]
[5 16 73 87]
[]
[97]
[28 39 49 111]
[15 93]
[63]
[19 54 75 103 108]
[35 129]
[8 114]
[83]
[94 105 125]
[5 25 70 122]
[10 52 109 135]
[]
[43 124]
[25 40 72]
[51 59]
[]
[16 53 105]
[32 66]
[8 122]
[42 55 90]
[21 30 75]
[105 109 128 133]
[32 52 91]
[37 46 58]
[20 27 62 97]
[103 134]
[4 21 61 69]
[40 132]
[12 46 66 111 126]
[71 87 96]
[114]
[12 49 78 83]
[64]
[95]
[52 106]
[]
[12 72 119]
[3 32 40 79]
[]
[21]
[5 45 54 89 100 127]
[]
[29]
[17 36 62 95 102 118]
[7 110]
[72 83]
[10 16 38 91]
[135]
[4 22 34 64 101 120]
[11]
[38 67 71 98 105]
[17 63 117]
[97 122]
[3 16 55 74 81 127]
[85 118]
[12 67]
[6 78 129]
[32 123]
[99 134]
[84]
[111]
[38 41 51 56 75 87 98]
[26]
[19]
[92 118]
[7 15 46 53]
[86 135]
[]